Sensitivity: 0.6756756756756757
Specificity: 0.9938650306748467
Class 0 Error Rate to achieve at least 0.8 sensitivity: 0.003792149226196576
